297,35
0,448
0,575
0,573
0,572
0,571
0,570
0,569
0,568
0,567
0,566
32,6
32,4
0,565
308,6
308,5
308,4
308,3
308,2
0,564
308,1
308,0
0,563
0,562
0,560
307,6
307,5
307,4
307,3
307,2
307,1
307,0
0,559
0,558
306,18
306,17
306,16
306,15
306,14
306,13
306,12
306,11
306,10
306,9
306,8
306,7
306,6
306,5
306,4
306,3
306,2
306,1
306,0
305,7
305,6
305,5
305,4
305,3
305,2
0,554
305,1
305,0
0,418
14,13
0,476
304,18
304,17
304,16
304,15
14,12
304,14
304,13
304,12
304,11
304,10
304,9
304,8
304,7
304,6
304,5
304,4
304,3
304,2
304,1
304,0
303,6
0,553
303,5
303,4
303,3
303,2
303,1
303,0
302,6
302,5
302,4
302,3
302,2
302,1
302,0
0,543
301,7
301,6
301,5
301,4
301,3
301,2
0,552
0,542
301,1
301,0
300,7
300,6
300,5
300,4
300,3
300,2
300,1
300,0
0,537
0,530
0,518
0,517
0,513
299,4
299,3
299,2
299,1
299,0
298,4
298,3
298,2
0,9
298,1
298,0
0,318
32,2
27,1
27,3
0,317
0,315
0,243
14,10
0,544
0,273
0,270
24,1
24,3
14,9
10,126
11,13
9,5
3,2
3,1
3,3
10,234
10,32
10,106
10,248
10,276
10,302
10,172
11,15
11,9
11,22
11,5
11,4
9,4
9,6
8,10
8,4
8,13
8,16
